Rk,Player,Pos,Age,Tm,G,GS,MP,FG,FGA,FG%,3P,3PA,3P%,2P,2PA,2P%,eFG%,FT,FTA,FT%,ORB,DRB,TRB,AST,STL,BLK,TOV,PF,PTS▼
,,,,,,,,,,,,,,,,,,,,,,,,,,,,,
1,Joel Embiid\embiijo01,C,27,PHI,66,66,33.7,9.7,19.6,.496,1.4,3.7,.371,8.3,15.9,.525,.531,9.6,11.8,.816,2.1,9.5,11.6,4.2,1.1,1.5,3.1,2.7,30.4
2,LeBron James\jamesle01,SF,37,LAL,56,56,37.2,11.4,21.8,.524,2.9,8.0,.359,8.6,13.8,.620,.590,4.5,6.0,.756,1.1,7.1,8.2,6.2,1.3,1.1,3.5,2.2,30.3
3,Giannis Antetokounmpo\antetgi01,PF,27,MIL,65,65,32.9,10.3,18.6,.554,1.1,3.6,.298,9.2,15.0,.616,.583,8.2,11.4,.720,2.0,9.6,11.6,5.8,1.0,1.4,3.3,3.2,29.9
4,Luka Dončić\doncilu01,PG,22,DAL,62,62,35.6,9.9,21.7,.456,3.1,8.7,.353,6.8,13.0,.526,.527,5.5,7.4,.744,0.9,8.3,9.1,8.7,1.2,0.5,4.5,2.3,28.3
5,DeMar DeRozan\derozde01,PF,32,CHI,74,74,36.2,10.3,20.4,.505,0.7,1.9,.350,9.6,18.5,.521,.522,6.9,7.9,.879,0.8,4.5,5.3,5.0,0.9,0.3,2.4,2.4,28.2
6,Trae Young\youngtr01,PG,23,ATL,73,73,34.9,9.3,20.3,.459,3.1,8.0,.383,6.3,12.3,.508,.534,6.5,7.2,.902,0.6,3.1,3.8,9.7,1.0,0.1,3.9,1.6,28.2
7,Ja Morant\moranja01,PG,22,MEM,56,56,33.3,10.2,20.8,.493,1.5,4.5,.340,8.7,16.3,.535,.530,5.6,7.3,.762,1.3,4.4,5.7,6.7,1.2,0.4,3.4,1.5,27.6
8,Nikola Jokić\jokicni01,C,26,DEN,73,73,33.4,10.2,17.6,.581,1.3,3.9,.337,8.9,13.7,.651,.618,5.2,6.4,.809,2.8,11.0,13.7,7.9,1.4,0.8,3.8,2.6,27.0
9,Jayson Tatum\tatumja01,SF,23,BOS,74,74,36.1,9.4,20.7,.452,3.0,8.6,.351,6.3,12.1,.523,.524,5.3,6.2,.854,1.1,6.8,8.0,4.4,1.0,0.6,2.8,2.3,27.0
10,Devin Booker\bookede01,SG,25,PHO,67,67,34.4,9.7,20.8,.465,2.7,7.1,.383,7.0,13.8,.508,.530,4.6,5.3,.866,0.7,4.4,5.0,4.9,1.1,0.4,2.4,2.6,26.7
11,Donovan Mitchell\mitchdo01,SG,25,UTA,66,66,33.8,9.2,20.5,.450,3.5,9.8,.355,5.7,10.7,.538,.535,4.0,4.7,.852,0.8,3.3,4.2,5.3,1.5,0.2,3.0,2.5,26.0
12,Stephen Curry\curryst01,PG,33,GSW,64,64,34.5,8.4,19.1,.437,4.5,11.7,.380,3.9,7.4,.527,.554,4.3,4.7,.923,0.5,4.7,5.2,6.3,1.3,0.4,3.2,2.0,25.5
13,Zach LaVine\lavinza01,SF,26,CHI,65,65,34.9,8.5,17.9,.477,2.8,7.2,.393,5.7,10.7,.533,.556,4.8,5.7,.851,0.3,4.3,4.6,4.5,0.6,0.3,2.6,1.8,24.7
14,Karl-Anthony Towns\townska01,C,26,MIN,73,73,33.5,8.7,16.4,.531,2.0,4.9,.407,6.7,11.5,.584,.592,5.2,6.3,.825,2.6,7.2,9.8,3.6,1.0,1.1,3.1,3.6,24.6
15,Shai Gilgeous-Alexander\gilgesh01,PG,23,OKC,56,56,34.7,8.5,18.8,.453,1.6,5.3,.300,6.9,13.5,.514,.496,5.9,7.2,.810,0.7,4.3,5.0,5.9,1.3,0.8,2.8,2.5,24.5
16,Jaylen Brown\brownja02,SF,25,BOS,63,63,33.7,8.7,18.4,.474,2.5,7.1,.360,6.2,11.3,.545,.543,3.7,4.8,.767,0.8,5.3,6.1,3.4,1.0,0.3,2.7,2.4,23.7
17,De'Aaron Fox\foxde01,PG,24,SAC,59,59,35.3,8.7,18.5,.473,1.3,4.2,.297,7.5,14.3,.524,.506,4.4,5.9,.750,0.4,3.5,3.9,5.6,1.2,0.4,2.8,2.9,23.2
18,CJ McCollum\mccolcj01,SG,30,TOT,59,59,35.3,8.8,19.1,.463,3.0,7.6,.388,5.9,11.4,.513,.540,1.9,2.7,.704,0.9,3.6,4.5,5.1,1.1,0.4,2.1,2.0,22.6
19,Pascal Siakam\siakapa01,PF,27,TOR,66,66,37.9,8.6,17.5,.494,1.1,3.2,.354,7.5,14.3,.524,.526,4.1,5.5,.747,1.8,6.6,8.5,5.2,1.2,0.6,2.7,3.3,22.5
20,James Harden\hardeja01,PG-SG,32,TOT,63,63,37.2,6.3,15.3,.412,2.3,6.9,.333,4.0,8.4,.476,.487,7.3,8.3,.874,0.9,6.9,7.8,10.1,1.3,0.6,4.4,2.4,22.2
21,Darius Garland\garlada01,PG,22,CLE,66,66,35.8,8.0,17.3,.461,2.5,6.7,.379,5.4,10.6,.512,.534,3.2,3.6,.890,0.6,2.8,3.4,8.7,1.3,0.1,3.7,1.7,21.7
22,Dejounte Murray\murrade01,PG,25,SAS,67,67,34.8,8.5,18.3,.463,1.4,4.3,.330,7.1,14.0,.504,.502,2.8,3.6,.788,1.2,7.2,8.4,9.3,2.0,0.3,2.7,2.0,21.2
23,Anthony Edwards\edwaran01,SG,20,MIN,70,70,34.4,7.6,17.3,.438,3.0,8.3,.358,4.6,8.9,.514,.525,3.0,3.8,.784,0.9,4.0,4.8,3.8,1.5,0.7,2.7,2.3,21.1
24,Tyler Herro\herroty01,SG,22,MIA,65,10,32.6,7.6,17.1,.446,2.7,6.7,.398,4.9,10.4,.477,.524,2.9,3.3,.866,0.5,4.5,5.0,3.9,0.7,0.1,2.7,1.4,20.8
25,Miles Bridges\bridgmi02,PF,23,CHO,77,77,35.8,7.5,15.3,.493,1.9,5.8,.331,5.6,9.5,.593,.556,3.4,4.2,.798,1.2,5.9,7.1,3.8,0.9,0.8,1.9,2.5,20.4
26,Fred VanVleet\vanvlfr01,PG,27,TOR,65,65,37.9,6.8,16.9,.403,3.7,9.9,.377,3.1,7.0,.440,.513,3.0,3.4,.874,0.7,3.8,4.4,6.7,1.7,0.5,2.6,2.5,20.3
27,RJ Barrett\barrerj01,SF,21,NYK,68,68,34.7,7.0,17.0,.410,2.0,5.8,.346,5.0,11.2,.442,.468,4.1,5.7,.721,1.0,4.9,5.9,2.9,0.6,0.2,2.2,2.0,20.1
28,Khris Middleton\middlkh01,SF,30,MIL,64,64,32.4,6.8,15.5,.441,2.4,6.5,.372,4.4,8.9,.492,.520,4.0,4.5,.890,0.6,4.8,5.4,5.4,1.1,0.3,2.9,2.5,20.1
29,Julius Randle\randlju01,PF,27,NYK,72,72,35.3,7.1,17.3,.411,1.7,5.4,.308,5.4,11.9,.458,.459,4.2,5.6,.756,1.7,8.2,9.9,5.1,0.7,0.5,3.4,2.8,20.1
30,LaMelo Ball\ballla01,PG,20,CHO,72,72,32.3,7.1,16.7,.426,2.8,7.5,.380,4.3,9.2,.464,.512,2.8,3.3,.869,1.5,5.2,6.6,7.6,1.6,0.4,3.2,3.2,19.9
31,Terry Rozier\roziete01,SG,27,CHO,70,70,33.9,7.0,16.0,.440,3.1,8.2,.375,4.0,7.8,.508,.536,2.1,2.5,.851,0.8,3.5,4.3,4.4,1.3,0.3,1.4,1.7,19.2
32,Domantas Sabonis\sabondo01,C-PF,25,TOT,62,61,34.5,7.1,12.5,.573,0.6,2.0,.312,6.5,10.5,.623,.598,4.0,5.4,.741,3.2,8.9,12.1,5.2,1.0,0.4,3.1,3.3,18.9
33,Jrue Holiday\holidjr01,PG,31,MIL,64,61,33.5,7.2,14.4,.501,2.0,4.8,.416,5.2,9.6,.544,.570,2.1,2.7,.767,1.0,3.5,4.5,6.9,1.6,0.4,2.8,2.0,18.5
34,Russell Westbrook\westbru01,PG,33,LAL,78,78,34.3,7.0,15.8,.444,1.0,3.4,.298,6.0,12.4,.485,.476,3.4,5.1,.667,1.4,6.0,7.4,7.1,1.0,0.3,3.8,3.0,18.5
35,Jordan Poole\poolejo01,SG,22,GSW,73,48,30.0,6.3,13.8,.453,2.8,7.6,.368,3.5,6.2,.557,.554,3.1,3.4,.920,0.4,2.9,3.4,3.8,0.8,0.3,2.4,2.7,18.4
36,Desmond Bane\banede01,SF,23,MEM,74,74,30.0,6.7,14.6,.459,3.0,7.0,.429,3.7,7.6,.486,.561,1.8,2.0,.901,0.6,3.9,4.5,2.8,1.2,0.4,1.5,2.5,18.3
37,D'Angelo Russell\russeda01,PG,25,MIN,65,65,32.0,6.2,15.0,.411,2.7,8.0,.340,3.5,7.0,.492,.502,3.0,3.7,.825,0.4,2.9,3.3,7.1,1.0,0.3,2.5,2.0,18.1
38,Gary Trent Jr.\trentga02,SG,23,TOR,67,66,34.9,6.3,15.3,.410,3.0,7.8,.377,3.3,7.5,.444,.506,2.5,3.0,.850,0.4,2.4,2.7,2.0,1.8,0.3,1.0,2.1,18.1
39,Bojan Bogdanović\bogdabo02,PF,32,UTA,67,67,31.0,6.1,13.4,.454,2.6,6.8,.389,3.5,6.7,.520,.552,3.1,3.6,.852,0.8,3.4,4.2,1.8,0.5,0.0,1.7,1.7,17.9
40,Jonas Valančiūnas\valanjo01,C,29,NOP,72,72,30.7,7.0,12.8,.543,0.8,2.2,.361,6.2,10.6,.581,.574,3.2,3.9,.816,3.1,8.5,11.6,2.6,0.6,0.8,2.4,3.3,17.9
41,Nikola Vučević\vucevni01,C,31,CHI,71,71,33.4,7.6,16.0,.475,1.5,4.6,.315,6.1,11.4,.540,.520,1.2,1.6,.752,2.0,9.2,11.2,3.3,1.0,1.0,1.8,2.5,17.9
42,Christian Wood\woodch01,C,26,HOU,68,67,30.8,6.5,12.9,.501,1.9,4.9,.390,4.5,8.0,.570,.576,3.0,4.9,.623,1.6,8.5,10.1,2.3,0.8,1.0,1.9,2.5,17.9
43,Tobias Harris\harrito02,PF,29,PHI,70,70,35.0,6.8,14.2,.483,1.4,3.8,.367,5.4,10.3,.526,.533,2.4,2.9,.841,1.1,5.8,6.9,3.5,0.6,0.6,1.6,2.2,17.5
44,Cade Cunningham\cunnica01,PG,20,DET,62,62,32.4,6.7,16.0,.419,1.8,5.7,.319,4.9,10.3,.473,.475,2.1,2.5,.839,0.9,4.6,5.5,5.5,1.2,0.7,3.6,3.1,17.3
45,Tyrese Maxey\maxeyty01,PG,21,PHI,72,71,35.5,6.4,13.3,.482,1.8,4.1,.429,4.6,9.2,.506,.548,2.8,3.2,.862,0.4,2.9,3.3,4.3,0.7,0.4,1.2,2.1,17.3
46,Anfernee Simons\simonan01,SG,22,POR,57,30,29.5,6.2,14.0,.443,3.1,7.8,.405,3.1,6.2,.490,.555,1.8,2.0,.888,0.5,2.2,2.6,3.9,0.5,0.1,2.0,1.9,17.3
47,Deandre Ayton\aytonde01,C,23,PHO,57,57,29.5,7.6,11.9,.638,0.1,0.3,.353,7.5,11.6,.645,.642,1.9,2.5,.746,2.5,7.7,10.2,1.4,0.7,0.7,1.6,2.4,17.2
48,Andrew Wiggins\wiggian01,SF,26,GSW,71,71,31.9,6.5,14.0,.466,2.1,5.5,.393,4.4,8.5,.512,.542,2.1,3.2,.643,1.2,3.3,4.5,2.3,1.1,0.7,1.5,2.1,17.2
49,Reggie Jackson\jacksre01,SG,31,LAC,73,73,31.3,6.5,16.5,.392,2.3,6.9,.329,4.2,9.6,.437,.461,1.9,2.2,.847,0.5,3.1,3.6,4.9,0.7,0.2,2.3,2.2,17.1
50,Kyle Kuzma\kuzmaky01,PF,26,WAS,66,66,33.4,6.4,14.2,.452,1.9,5.7,.341,4.5,8.5,.526,.520,2.4,3.3,.712,1.1,7.4,8.5,3.5,0.6,0.9,2.6,1.9,17.1
51,Jalen Green\greenja05,SG,19,HOU,65,65,31.7,6.0,14.1,.424,2.4,6.8,.345,3.6,7.3,.498,.507,2.7,3.4,.801,0.5,2.9,3.4,2.6,0.7,0.3,2.0,1.6,17.0
52,Keldon Johnson\johnske04,SF,22,SAS,73,72,31.8,6.2,13.4,.467,2.1,5.3,.403,4.1,8.1,.508,.547,2.3,3.0,.755,1.1,5.0,6.1,2.1,0.7,0.2,1.2,2.0,16.9
53,Harrison Barnes\barneha02,PF,29,SAC,75,75,34.0,5.2,11.0,.470,1.9,4.8,.395,3.3,6.3,.527,.555,4.5,5.5,.830,1.1,4.6,5.7,2.5,0.7,0.2,1.6,1.3,16.8
54,Jaren Jackson Jr.\jacksja02,PF,22,MEM,76,76,27.4,5.6,13.5,.414,1.7,5.2,.319,3.9,8.3,.475,.476,3.6,4.4,.821,1.6,4.3,5.8,1.1,0.9,2.3,1.7,3.5,16.4
55,Cole Anthony\anthoco01,PG,21,ORL,65,65,31.7,5.5,14.0,.391,2.0,6.0,.338,3.5,8.0,.432,.464,3.3,3.9,.854,0.5,4.9,5.4,5.7,0.7,0.3,2.6,2.6,16.3
56,Saddiq Bey\beysa01,SF,22,DET,79,79,33.2,5.6,13.9,.400,2.6,7.5,.352,2.9,6.4,.457,.495,2.5,3.1,.824,1.3,4.2,5.5,2.8,0.9,0.2,1.2,1.6,16.3
57,Jalen Brunson\brunsja01,PG,25,DAL,76,58,32.1,6.4,12.8,.501,1.2,3.2,.371,5.3,9.7,.544,.547,2.2,2.6,.841,0.5,3.3,3.9,4.8,0.9,0.0,1.6,1.9,16.2
58,Jordan Clarkson\clarkjo01,SG,29,UTA,76,1,27.1,6.0,14.2,.420,2.4,7.6,.318,3.6,6.6,.537,.505,1.9,2.3,.825,0.8,2.6,3.4,2.4,0.8,0.2,1.6,1.9,16.2
59,Buddy Hield\hieldbu01,SG,29,TOT,79,30,30.8,5.5,13.5,.408,3.2,8.8,.366,2.3,4.7,.486,.527,1.4,1.6,.870,0.8,3.6,4.4,2.8,0.9,0.3,1.9,2.3,15.6
60,Scottie Barnes\barnesc01,PF,20,TOR,71,71,35.5,6.2,12.7,.491,0.8,2.6,.301,5.5,10.1,.541,.522,2.2,3.0,.732,2.7,4.9,7.6,3.5,1.1,0.8,1.8,2.6,15.5
61,Rudy Gobert\goberru01,C,29,UTA,63,63,32.3,5.5,7.7,.708,0.0,0.1,.000,5.5,7.7,.714,.708,4.5,6.5,.692,3.7,11.1,14.8,1.1,0.7,2.1,1.8,2.7,15.4
62,Tyrese Haliburton\halibty01,SG-PG,21,TOT,75,75,34.9,5.5,11.8,.470,2.1,5.1,.415,3.4,6.7,.512,.560,2.1,2.4,.842,0.8,3.3,4.1,8.1,1.7,0.6,2.6,1.6,15.3
63,Franz Wagner\wagnefr01,SF,20,ORL,79,79,30.7,5.8,12.3,.468,1.2,3.4,.356,4.6,8.9,.511,.517,2.4,2.8,.863,1.1,3.4,4.5,2.9,0.9,0.4,1.5,2.1,15.2
64,Kevin Porter Jr.\porteke02,PG,21,HOU,59,59,31.0,5.3,12.9,.411,2.5,6.6,.370,2.8,6.3,.455,.507,2.0,3.2,.629,0.7,3.5,4.2,6.2,1.1,0.4,3.2,2.6,15.1
65,Wendell Carter Jr.\cartewe01,C,22,ORL,62,61,29.9,5.8,11.0,.525,1.1,3.5,.327,4.7,7.6,.615,.576,2.3,3.3,.691,2.2,8.2,10.5,2.8,0.6,0.7,1.9,2.7,15.0
66,Seth Curry\curryse01,SG,31,TOT,62,62,33.5,5.6,11.6,.486,2.5,5.8,.424,3.2,5.8,.549,.592,1.3,1.5,.879,0.3,2.8,3.1,3.6,0.8,0.2,1.7,2.3,15.0
67,Jusuf Nurkić\nurkiju01,C,27,POR,56,56,28.2,5.7,10.7,.535,0.3,1.0,.268,5.5,9.7,.563,.548,3.3,4.8,.690,3.0,8.1,11.1,2.8,1.1,0.6,2.6,3.4,15.0
68,Kelly Oubre Jr.\oubreke01,SF,26,CHO,73,13,26.5,5.4,12.4,.437,2.5,7.3,.342,2.9,5.1,.574,.538,1.6,2.5,.670,1.1,2.9,4.0,1.1,1.0,0.4,0.9,2.5,15.0
69,Bogdan Bogdanović\bogdabo01,SG,29,ATL,60,27,29.3,5.4,12.5,.431,2.6,7.2,.360,2.8,5.3,.528,.535,1.5,1.8,.858,0.5,3.5,3.9,3.0,1.1,0.2,1.2,2.2,14.9
70,Aaron Gordon\gordoaa01,PF,26,DEN,74,74,31.6,5.8,11.1,.519,1.1,3.4,.329,4.6,7.7,.604,.570,2.2,3.0,.738,1.7,4.2,5.9,2.5,0.6,0.6,1.7,2.0,14.9
71,Evan Mobley\mobleev01,PF,20,CLE,67,67,33.9,6.1,12.0,.506,0.3,1.4,.253,5.7,10.7,.538,.520,2.4,3.6,.664,2.0,6.2,8.3,2.5,0.8,1.6,2.0,2.2,14.9
72,Will Barton\bartowi01,SG,31,DEN,70,70,32.1,5.5,12.6,.437,2.2,6.1,.366,3.3,6.6,.503,.525,1.4,1.8,.797,0.6,4.2,4.8,3.9,0.8,0.4,1.8,1.6,14.7
73,Chris Paul\paulch01,PG,36,PHO,64,64,32.8,5.6,11.3,.491,1.0,3.1,.318,4.6,8.2,.556,.534,2.6,3.1,.835,0.3,4.0,4.3,10.7,1.9,0.3,2.3,2.0,14.7
74,Bobby Portis\portibo01,C,26,MIL,70,59,28.3,5.8,12.1,.479,1.9,4.7,.393,3.9,7.4,.535,.556,1.2,1.6,.752,2.5,6.6,9.1,1.2,0.7,0.7,1.3,2.4,14.7
75,Lauri Markkanen\markkla01,PF,24,CLE,59,59,31.1,5.1,11.5,.440,2.2,6.2,.353,2.8,5.3,.542,.535,2.3,2.6,.865,1.0,4.7,5.7,1.4,0.8,0.5,0.9,2.1,14.6
76,Mikal Bridges\bridgmi01,SF,25,PHO,79,79,35.4,5.7,10.6,.534,1.4,3.9,.370,4.2,6.7,.629,.602,1.6,1.9,.828,0.9,3.4,4.3,2.3,1.2,0.5,0.8,1.9,14.4
77,Evan Fournier\fournev01,SG,29,NYK,77,77,29.5,5.1,12.1,.420,3.0,7.7,.393,2.1,4.4,.467,.545,1.0,1.4,.712,0.4,2.2,2.6,2.1,1.0,0.2,1.3,2.2,14.2
78,Spencer Dinwiddie\dinwisp01,PG,28,TOT,64,51,30.0,4.6,11.1,.412,1.7,5.0,.333,2.9,6.1,.477,.487,3.0,3.8,.775,0.7,3.6,4.2,5.3,0.6,0.2,1.6,2.3,13.8
79,Mike Conley\conlemi01,PG,34,UTA,70,70,28.6,4.8,10.9,.437,2.4,5.7,.410,2.4,5.2,.466,.544,1.8,2.2,.808,0.7,2.4,3.0,5.3,1.3,0.3,1.7,1.9,13.7
80,Jakob Poeltl\poeltja01,C,26,SAS,66,65,28.9,6.0,9.7,.619,0.0,0.0,1.000,6.0,9.7,.619,.620,1.4,2.8,.495,3.9,5.3,9.2,2.8,0.7,1.7,1.6,3.1,13.5
81,Dennis Schröder\schrode01,SG-PG,28,TOT,64,29,28.7,4.9,11.3,.431,1.3,3.9,.344,3.5,7.4,.477,.490,2.5,2.9,.853,0.5,2.8,3.3,4.6,0.8,0.1,2.2,2.4,13.5
82,Eric Gordon\gordoer01,SG,33,HOU,57,46,29.3,4.7,9.9,.475,2.2,5.3,.412,2.5,4.6,.548,.585,1.8,2.4,.778,0.3,1.7,2.0,2.7,0.5,0.3,1.9,1.1,13.4
83,Kevin Love\loveke01,PF,33,CLE,72,4,22.6,4.3,10.2,.425,2.5,6.4,.385,1.9,3.8,.493,.546,2.3,2.7,.844,1.1,6.1,7.2,2.2,0.3,0.2,1.3,1.4,13.4
84,Kyle Lowry\lowryky01,PG,35,MIA,62,62,33.9,4.3,10.0,.436,2.3,6.1,.375,2.0,3.8,.534,.551,2.4,2.8,.855,0.5,4.0,4.5,7.6,1.0,0.3,2.7,2.8,13.4
85,Carmelo Anthony\anthoca01,PF,37,LAL,69,3,26.0,4.6,10.5,.441,2.2,5.8,.375,2.5,4.7,.521,.544,1.9,2.3,.830,0.9,3.3,4.2,1.0,0.7,0.8,0.9,2.4,13.3
86,Kentavious Caldwell-Pope\caldwke01,SG,28,WAS,76,76,30.3,4.7,10.8,.435,2.1,5.3,.390,2.6,5.5,.478,.531,1.8,2.0,.890,0.5,2.9,3.4,1.9,1.1,0.3,1.2,1.8,13.3
87,Malik Monk\monkma01,SG,23,LAL,73,34,27.8,5.0,10.6,.472,2.2,5.7,.391,2.8,4.9,.566,.577,1.1,1.4,.779,0.5,2.8,3.3,2.8,0.8,0.4,1.5,1.8,13.3
88,Derrick White\whitede01,SG,27,TOT,72,51,29.4,4.5,10.8,.419,1.5,4.9,.306,3.0,5.8,.514,.489,2.8,3.2,.872,0.5,2.9,3.5,5.0,0.9,0.8,1.6,2.3,13.3
89,Montrezl Harrell\harremo01,C,28,TOT,68,3,23.2,5.0,7.9,.637,0.1,0.3,.235,5.0,7.6,.651,.641,3.1,4.3,.717,2.1,4.1,6.2,2.0,0.4,0.6,1.0,1.9,13.2
90,Cameron Johnson\johnsca02,PF,25,PHO,63,14,26.2,4.3,9.2,.464,2.6,6.0,.436,1.7,3.2,.515,.605,1.5,1.7,.864,0.6,3.5,4.1,1.5,0.8,0.2,0.7,1.8,12.7
91,Monte Morris\morrimo01,PG,26,DEN,74,73,29.9,5.0,10.3,.484,1.6,4.2,.394,3.4,6.1,.546,.564,1.0,1.1,.869,0.3,2.7,3.0,4.4,0.8,0.2,1.0,1.2,12.6
92,Coby White\whiteco01,PG,21,CHI,59,16,27.3,4.6,10.6,.433,2.2,5.8,.375,2.4,4.8,.502,.535,1.3,1.5,.862,0.3,2.7,3.0,2.9,0.4,0.2,1.1,2.2,12.6
93,Devin Vassell\vassede01,SF,21,SAS,69,30,27.2,4.6,10.7,.428,1.9,5.3,.357,2.7,5.4,.496,.516,1.1,1.3,.828,0.6,3.7,4.3,1.9,1.1,0.6,0.8,2.0,12.2
94,Malik Beasley\beaslma01,SG,25,MIN,77,16,25.1,4.2,10.8,.393,3.1,8.1,.379,1.2,2.7,.433,.534,0.6,0.8,.810,0.3,2.6,2.9,1.5,0.5,0.2,0.6,1.1,12.1
95,Kevin Huerter\huertke01,SG,23,ATL,71,57,29.6,4.7,10.3,.455,2.2,5.6,.391,2.5,4.7,.530,.561,0.6,0.7,.800,0.4,2.9,3.4,2.7,0.7,0.4,1.3,2.5,12.1
96,Devonte' Graham\grahade01,PG,26,NOP,74,61,28.7,3.9,10.9,.363,2.6,7.5,.342,1.4,3.4,.408,.481,1.5,1.8,.843,0.5,1.9,2.4,4.1,0.9,0.2,1.4,1.3,12.0
97,Marcus Smart\smartma01,PG,27,BOS,68,68,32.6,4.2,10.1,.414,1.6,5.0,.322,2.6,5.1,.503,.493,2.1,2.6,.791,0.6,3.3,3.9,5.9,1.7,0.3,2.2,2.3,12.0
98,Lonnie Walker IV\walkelo01,SG,23,SAS,69,6,23.0,4.4,10.9,.405,1.6,5.0,.315,2.8,5.8,.481,.477,1.6,2.1,.775,0.3,2.3,2.6,2.2,0.6,0.3,1.0,1.4,12.0
99,Jae'Sean Tate\tateja01,SF,26,HOU,76,75,26.3,4.7,9.4,.499,0.8,2.6,.308,3.9,6.8,.572,.541,1.7,2.4,.709,1.7,3.7,5.4,2.9,0.9,0.5,1.8,3.7,11.9
100,Luke Kennard\kennalu01,SG,25,LAC,68,12,27.5,4.1,9.0,.450,2.7,6.0,.450,1.4,3.0,.449,.599,1.0,1.1,.893,0.3,3.0,3.3,2.1,0.6,0.1,0.8,1.5,11.8
101,Alec Burks\burksal01,SG,30,NYK,78,41,28.3,3.5,8.9,.391,1.9,4.8,.402,1.6,4.2,.378,.499,2.7,3.2,.825,0.6,4.3,4.9,2.9,1.1,0.3,1.0,2.6,11.6
